GPU: True
46.623881340026855
8.267558097839355
9.507111310958862
7.427356481552124
7.017948389053345
7.28799843788147
7.009759426116943
7.676921606063843
7.790520668029785
9.036126852035522
9.666014432907104
7.182048797607422
6.774083852767944
6.682341575622559
6.292719602584839
6.496145486831665
6.335087776184082
6.9230875968933105
6.449933290481567
6.51081395149231
6.296204328536987
6.705376625061035
6.592455863952637
6.440207242965698
6.3229475021362305
6.336455821990967
6.523526191711426
6.57158088684082
6.686187267303467
6.701337099075317
6.326948881149292
6.889558553695679
6.809101581573486
7.088902473449707
7.178207874298096
6.586148500442505
6.401556730270386
6.478692293167114
7.413302898406982
6.488123655319214
9.13139295578003
7.719083309173584
6.390971422195435
6.999318361282349
6.856032848358154
6.7122907638549805
6.359418153762817
6.444087028503418
6.934308052062988
6.746900796890259
7.361967086791992
6.860505819320679
6.570768117904663
6.84454083442688
7.0997254848480225
6.403024435043335
6.555476188659668
8.70082950592041
6.79758358001709
7.229364395141602
6.783585786819458
7.035184621810913
6.78172755241394
6.694576263427734
6.690212726593018
6.463430881500244
6.915751934051514
7.28606915473938
6.591501712799072
6.829939365386963
6.66445517539978
6.590084075927734
6.766766786575317
7.1414830684661865
7.0136191844940186
6.811849594116211
6.802444696426392
6.602520942687988
6.7268853187561035
6.989761590957642
6.986192941665649
6.421905279159546
6.962022304534912
9.456819534301758
6.6363396644592285
7.1146080493927
7.05507755279541
6.3573479652404785
7.030506372451782
6.940324068069458
8.44618272781372
6.756294012069702
6.692075252532959
6.605126619338989
6.672494411468506
6.285106420516968
6.582625150680542
6.982107400894165
6.72838830947876
6.503098487854004
all done
755.3553557395935
